
Baseline
[696457, 317371, 24188, 3217, 430, 61]
sent_length_score_check [-0.0868, -0.0549, -0.0299, -0.022, -0.0192, -0.0171]
[183840, 182995, 172182, 115744, 34049]
sent_position_score_check [-0.0466, -0.0536, -0.0814, -0.1373, -0.2608]

Proposed
[696457, 317371, 24188, 3217, 430, 61]
sent_length_score_check [-0.0894, -0.075, -0.0494, -0.0337, -0.0269, -0.0223]
[183840, 182995, 172182, 115744, 34049]
sent_position_score_check [-0.0577, -0.0746, -0.0915, -0.1156, -0.1709]

=====

Baseline
[696457, 317371, 24188, 3217, 430, 61]
sent_length_score_check [-1.3823, -1.3425, -1.3956, -1.493, -1.6966, -1.8588]
[183840, 182995, 172182, 115744, 34049]
sent_position_score_check [-0.8434, -0.9719, -1.4648, -2.1488, -2.9998]

Proposed
[696457, 317371, 24188, 3217, 430, 61]
sent_length_score_check [-1.5846, -1.8758, -2.2981, -2.2746, -2.3721, -2.4161]
[183840, 182995, 172182, 115744, 34049]
sent_position_score_check [-1.1514, -1.4476, -1.755, -1.9888, -2.1662]